$ANSIBLE_VAULT;1.1;AES256
63323036373565333134303133343964383761306339653335616430636162653037393831633565
3762653838666265366463323832346361656364633364320a336362366131323236383563626662
64376265323266373964393033393864313961646239613530353633306533663365346632303936
6431653235623031310a666437363762303763316133653463633634383465663239633731626334
34336638643938313261613163656665336635393031386439613830303833613036623739343238
64633138626463333938363133376465316465343462366164396563623235663333313130616361
30333031333364396535626662363237343935313563313730653631663739626165613364363161
37623831373462336134353332646631303264616163323338306639666563386331666362313132
38636636623665366162336137613461656166646236646237666631323232663036326232343536
61363833373630386162316664376232666161393761323333366534353063346461346237653564
623639346533363264326337336235356231
